/*--------------------------------*- C++ -*----------------------------------*\
| =========                 |                                                 |
| \\      /  F ield         | OpenFOAM: The Open Source CFD Toolbox           |
|  \\    /   O peration     | Version:  2.1                                   |
|   \\  /    A nd           | Web:      www.OpenFOAM.org                      |
|    \\/     M anipulation  |                                                 |
\*---------------------------------------------------------------------------*/
/*   Windows 32 and 64 bit porting by blueCAPE: http://www.bluecape.com.pt   *\
|  Based on Windows porting (2.0.x v4) by Symscape: http://www.symscape.com   |
\*---------------------------------------------------------------------------*/
FoamFile
{
    version     2.0;
    format      ascii;
    class       labelList;
    note        "nPoints: 945 nCells: 640 nFaces: 2192 nInternalFaces: 1648";
    location    "constant/polyMesh";
    object      neighbour;
}
// * * * * * * * * * * * * * * * * * * * * * * * * * * * * * * * * * * * * * //


1648
(
1
8
32
2
9
33
3
10
34
4
11
35
5
12
36
6
13
37
7
14
38
15
39
9
16
40
10
17
41
11
18
42
12
19
43
13
20
44
14
21
45
15
22
46
23
47
17
24
48
18
25
49
19
26
50
20
27
51
21
28
52
22
29
53
23
30
54
31
55
25
56
26
57
27
58
28
59
29
60
30
61
31
62
63
33
40
64
34
41
65
35
42
66
36
43
67
37
44
68
38
45
69
39
46
70
47
71
41
48
72
42
49
73
43
50
74
44
51
75
45
52
76
46
53
77
47
54
78
55
79
49
56
80
50
57
81
51
58
82
52
59
83
53
60
84
54
61
85
55
62
86
63
87
57
88
58
89
59
90
60
91
61
92
62
93
63
94
95
65
72
96
66
73
97
67
74
98
68
75
99
69
76
100
70
77
101
71
78
102
79
103
73
80
104
74
81
105
75
82
106
76
83
107
77
84
108
78
85
109
79
86
110
87
111
81
88
112
82
89
113
83
90
114
84
91
115
85
92
116
86
93
117
87
94
118
95
119
89
120
90
121
91
122
92
123
93
124
94
125
95
126
127
97
104
128
98
105
129
99
106
130
100
107
131
101
108
132
102
109
133
103
110
134
111
135
105
112
136
106
113
137
107
114
138
108
115
139
109
116
140
110
117
141
111
118
142
119
143
113
120
144
114
121
145
115
122
146
116
123
147
117
124
148
118
125
149
119
126
150
127
151
121
152
122
153
123
154
124
155
125
156
126
157
127
158
159
129
136
160
130
137
161
131
138
162
132
139
163
133
140
164
134
141
165
135
142
166
143
167
137
144
168
138
145
169
139
146
170
140
147
171
141
148
172
142
149
173
143
150
174
151
175
145
152
176
146
153
177
147
154
178
148
155
179
149
156
180
150
157
181
151
158
182
159
183
153
184
154
185
155
186
156
187
157
188
158
189
159
190
191
161
168
192
162
169
193
163
170
194
164
171
195
165
172
196
166
173
197
167
174
198
175
199
169
176
200
170
177
201
171
178
202
172
179
203
173
180
204
174
181
205
175
182
206
183
207
177
184
208
178
185
209
179
186
210
180
187
211
181
188
212
182
189
213
183
190
214
191
215
185
216
186
217
187
218
188
219
189
220
190
221
191
222
223
193
200
224
194
201
225
195
202
226
196
203
227
197
204
228
198
205
229
199
206
230
207
231
201
208
232
202
209
233
203
210
234
204
211
235
205
212
236
206
213
237
207
214
238
215
239
209
216
240
210
217
241
211
218
242
212
219
243
213
220
244
214
221
245
215
222
246
223
247
217
248
218
249
219
250
220
251
221
252
222
253
223
254
255
225
232
256
226
233
257
227
234
258
228
235
259
229
236
260
230
237
261
231
238
262
239
263
233
240
264
234
241
265
235
242
266
236
243
267
237
244
268
238
245
269
239
246
270
247
271
241
248
272
242
249
273
243
250
274
244
251
275
245
252
276
246
253
277
247
254
278
255
279
249
280
250
281
251
282
252
283
253
284
254
285
255
286
287
257
264
288
258
265
289
259
266
290
260
267
291
261
268
292
262
269
293
263
270
294
271
295
265
272
296
266
273
297
267
274
298
268
275
299
269
276
300
270
277
301
271
278
302
279
303
273
280
304
274
281
305
275
282
306
276
283
307
277
284
308
278
285
309
279
286
310
287
311
281
312
282
313
283
314
284
315
285
316
286
317
287
318
319
289
296
320
290
297
321
291
298
322
292
299
323
293
300
324
294
301
325
295
302
326
303
327
297
304
328
298
305
329
299
306
330
300
307
331
301
308
332
302
309
333
303
310
334
311
335
305
312
336
306
313
337
307
314
338
308
315
339
309
316
340
310
317
341
311
318
342
319
343
313
344
314
345
315
346
316
347
317
348
318
349
319
350
351
321
328
352
322
329
353
323
330
354
324
331
355
325
332
356
326
333
357
327
334
358
335
359
329
336
360
330
337
361
331
338
362
332
339
363
333
340
364
334
341
365
335
342
366
343
367
337
344
368
338
345
369
339
346
370
340
347
371
341
348
372
342
349
373
343
350
374
351
375
345
376
346
377
347
378
348
379
349
380
350
381
351
382
383
353
360
384
354
361
385
355
362
386
356
363
387
357
364
388
358
365
389
359
366
390
367
391
361
368
392
362
369
393
363
370
394
364
371
395
365
372
396
366
373
397
367
374
398
375
399
369
376
400
370
377
401
371
378
402
372
379
403
373
380
404
374
381
405
375
382
406
383
407
377
408
378
409
379
410
380
411
381
412
382
413
383
414
415
385
392
416
386
393
417
387
394
418
388
395
419
389
396
420
390
397
421
391
398
422
399
423
393
400
424
394
401
425
395
402
426
396
403
427
397
404
428
398
405
429
399
406
430
407
431
401
408
432
402
409
433
403
410
434
404
411
435
405
412
436
406
413
437
407
414
438
415
439
409
440
410
441
411
442
412
443
413
444
414
445
415
446
447
417
424
448
418
425
449
419
426
450
420
427
451
421
428
452
422
429
453
423
430
454
431
455
425
432
456
426
433
457
427
434
458
428
435
459
429
436
460
430
437
461
431
438
462
439
463
433
440
464
434
441
465
435
442
466
436
443
467
437
444
468
438
445
469
439
446
470
447
471
441
472
442
473
443
474
444
475
445
476
446
477
447
478
479
449
456
480
450
457
481
451
458
482
452
459
483
453
460
484
454
461
485
455
462
486
463
487
457
464
488
458
465
489
459
466
490
460
467
491
461
468
492
462
469
493
463
470
494
471
495
465
472
496
466
473
497
467
474
498
468
475
499
469
476
500
470
477
501
471
478
502
479
503
473
504
474
505
475
506
476
507
477
508
478
509
479
510
511
481
488
512
482
489
513
483
490
514
484
491
515
485
492
516
486
493
517
487
494
518
495
519
489
496
520
490
497
521
491
498
522
492
499
523
493
500
524
494
501
525
495
502
526
503
527
497
504
528
498
505
529
499
506
530
500
507
531
501
508
532
502
509
533
503
510
534
511
535
505
536
506
537
507
538
508
539
509
540
510
541
511
542
543
513
520
544
514
521
545
515
522
546
516
523
547
517
524
548
518
525
549
519
526
550
527
551
521
528
552
522
529
553
523
530
554
524
531
555
525
532
556
526
533
557
527
534
558
535
559
529
536
560
530
537
561
531
538
562
532
539
563
533
540
564
534
541
565
535
542
566
543
567
537
568
538
569
539
570
540
571
541
572
542
573
543
574
575
545
552
576
546
553
577
547
554
578
548
555
579
549
556
580
550
557
581
551
558
582
559
583
553
560
584
554
561
585
555
562
586
556
563
587
557
564
588
558
565
589
559
566
590
567
591
561
568
592
562
569
593
563
570
594
564
571
595
565
572
596
566
573
597
567
574
598
575
599
569
600
570
601
571
602
572
603
573
604
574
605
575
606
607
577
584
608
578
585
609
579
586
610
580
587
611
581
588
612
582
589
613
583
590
614
591
615
585
592
616
586
593
617
587
594
618
588
595
619
589
596
620
590
597
621
591
598
622
599
623
593
600
624
594
601
625
595
602
626
596
603
627
597
604
628
598
605
629
599
606
630
607
631
601
632
602
633
603
634
604
635
605
636
606
637
607
638
639
609
616
610
617
611
618
612
619
613
620
614
621
615
622
623
617
624
618
625
619
626
620
627
621
628
622
629
623
630
631
625
632
626
633
627
634
628
635
629
636
630
637
631
638
639
633
634
635
636
637
638
639
)


// ************************************************************************* //
