/*--------------------------------*- C++ -*----------------------------------*\
| =========                 |                                                 |
| \\      /  F ield         | OpenFOAM: The Open Source CFD Toolbox           |
|  \\    /   O peration     | Version:  2.1                                   |
|   \\  /    A nd           | Web:      www.OpenFOAM.org                      |
|    \\/     M anipulation  |                                                 |
\*---------------------------------------------------------------------------*/
/*   Windows 32 and 64 bit porting by blueCAPE: http://www.bluecape.com.pt   *\
|  Based on Windows porting (2.0.x v4) by Symscape: http://www.symscape.com   |
\*---------------------------------------------------------------------------*/
FoamFile
{
    version     2.0;
    format      ascii;
    class       faceList;
    location    "constant/polyMesh";
    object      faces;
}
// * * * * * * * * * * * * * * * * * * * * * * * * * * * * * * * * * * * * * //


2192
(
4(1 10 55 46)
4(9 54 55 10)
4(45 46 55 54)
4(2 11 56 47)
4(10 55 56 11)
4(46 47 56 55)
4(3 12 57 48)
4(11 56 57 12)
4(47 48 57 56)
4(4 13 58 49)
4(12 57 58 13)
4(48 49 58 57)
4(5 14 59 50)
4(13 58 59 14)
4(49 50 59 58)
4(6 15 60 51)
4(14 59 60 15)
4(50 51 60 59)
4(7 16 61 52)
4(15 60 61 16)
4(51 52 61 60)
4(16 61 62 17)
4(52 53 62 61)
4(10 19 64 55)
4(18 63 64 19)
4(54 55 64 63)
4(11 20 65 56)
4(19 64 65 20)
4(55 56 65 64)
4(12 21 66 57)
4(20 65 66 21)
4(56 57 66 65)
4(13 22 67 58)
4(21 66 67 22)
4(57 58 67 66)
4(14 23 68 59)
4(22 67 68 23)
4(58 59 68 67)
4(15 24 69 60)
4(23 68 69 24)
4(59 60 69 68)
4(16 25 70 61)
4(24 69 70 25)
4(60 61 70 69)
4(25 70 71 26)
4(61 62 71 70)
4(19 28 73 64)
4(27 72 73 28)
4(63 64 73 72)
4(20 29 74 65)
4(28 73 74 29)
4(64 65 74 73)
4(21 30 75 66)
4(29 74 75 30)
4(65 66 75 74)
4(22 31 76 67)
4(30 75 76 31)
4(66 67 76 75)
4(23 32 77 68)
4(31 76 77 32)
4(67 68 77 76)
4(24 33 78 69)
4(32 77 78 33)
4(68 69 78 77)
4(25 34 79 70)
4(33 78 79 34)
4(69 70 79 78)
4(34 79 80 35)
4(70 71 80 79)
4(28 37 82 73)
4(72 73 82 81)
4(29 38 83 74)
4(73 74 83 82)
4(30 39 84 75)
4(74 75 84 83)
4(31 40 85 76)
4(75 76 85 84)
4(32 41 86 77)
4(76 77 86 85)
4(33 42 87 78)
4(77 78 87 86)
4(34 43 88 79)
4(78 79 88 87)
4(79 80 89 88)
4(46 55 100 91)
4(54 99 100 55)
4(90 91 100 99)
4(47 56 101 92)
4(55 100 101 56)
4(91 92 101 100)
4(48 57 102 93)
4(56 101 102 57)
4(92 93 102 101)
4(49 58 103 94)
4(57 102 103 58)
4(93 94 103 102)
4(50 59 104 95)
4(58 103 104 59)
4(94 95 104 103)
4(51 60 105 96)
4(59 104 105 60)
4(95 96 105 104)
4(52 61 106 97)
4(60 105 106 61)
4(96 97 106 105)
4(61 106 107 62)
4(97 98 107 106)
4(55 64 109 100)
4(63 108 109 64)
4(99 100 109 108)
4(56 65 110 101)
4(64 109 110 65)
4(100 101 110 109)
4(57 66 111 102)
4(65 110 111 66)
4(101 102 111 110)
4(58 67 112 103)
4(66 111 112 67)
4(102 103 112 111)
4(59 68 113 104)
4(67 112 113 68)
4(103 104 113 112)
4(60 69 114 105)
4(68 113 114 69)
4(104 105 114 113)
4(61 70 115 106)
4(69 114 115 70)
4(105 106 115 114)
4(70 115 116 71)
4(106 107 116 115)
4(64 73 118 109)
4(72 117 118 73)
4(108 109 118 117)
4(65 74 119 110)
4(73 118 119 74)
4(109 110 119 118)
4(66 75 120 111)
4(74 119 120 75)
4(110 111 120 119)
4(67 76 121 112)
4(75 120 121 76)
4(111 112 121 120)
4(68 77 122 113)
4(76 121 122 77)
4(112 113 122 121)
4(69 78 123 114)
4(77 122 123 78)
4(113 114 123 122)
4(70 79 124 115)
4(78 123 124 79)
4(114 115 124 123)
4(79 124 125 80)
4(115 116 125 124)
4(73 82 127 118)
4(117 118 127 126)
4(74 83 128 119)
4(118 119 128 127)
4(75 84 129 120)
4(119 120 129 128)
4(76 85 130 121)
4(120 121 130 129)
4(77 86 131 122)
4(121 122 131 130)
4(78 87 132 123)
4(122 123 132 131)
4(79 88 133 124)
4(123 124 133 132)
4(124 125 134 133)
4(91 100 145 136)
4(99 144 145 100)
4(135 136 145 144)
4(92 101 146 137)
4(100 145 146 101)
4(136 137 146 145)
4(93 102 147 138)
4(101 146 147 102)
4(137 138 147 146)
4(94 103 148 139)
4(102 147 148 103)
4(138 139 148 147)
4(95 104 149 140)
4(103 148 149 104)
4(139 140 149 148)
4(96 105 150 141)
4(104 149 150 105)
4(140 141 150 149)
4(97 106 151 142)
4(105 150 151 106)
4(141 142 151 150)
4(106 151 152 107)
4(142 143 152 151)
4(100 109 154 145)
4(108 153 154 109)
4(144 145 154 153)
4(101 110 155 146)
4(109 154 155 110)
4(145 146 155 154)
4(102 111 156 147)
4(110 155 156 111)
4(146 147 156 155)
4(103 112 157 148)
4(111 156 157 112)
4(147 148 157 156)
4(104 113 158 149)
4(112 157 158 113)
4(148 149 158 157)
4(105 114 159 150)
4(113 158 159 114)
4(149 150 159 158)
4(106 115 160 151)
4(114 159 160 115)
4(150 151 160 159)
4(115 160 161 116)
4(151 152 161 160)
4(109 118 163 154)
4(117 162 163 118)
4(153 154 163 162)
4(110 119 164 155)
4(118 163 164 119)
4(154 155 164 163)
4(111 120 165 156)
4(119 164 165 120)
4(155 156 165 164)
4(112 121 166 157)
4(120 165 166 121)
4(156 157 166 165)
4(113 122 167 158)
4(121 166 167 122)
4(157 158 167 166)
4(114 123 168 159)
4(122 167 168 123)
4(158 159 168 167)
4(115 124 169 160)
4(123 168 169 124)
4(159 160 169 168)
4(124 169 170 125)
4(160 161 170 169)
4(118 127 172 163)
4(162 163 172 171)
4(119 128 173 164)
4(163 164 173 172)
4(120 129 174 165)
4(164 165 174 173)
4(121 130 175 166)
4(165 166 175 174)
4(122 131 176 167)
4(166 167 176 175)
4(123 132 177 168)
4(167 168 177 176)
4(124 133 178 169)
4(168 169 178 177)
4(169 170 179 178)
4(136 145 190 181)
4(144 189 190 145)
4(180 181 190 189)
4(137 146 191 182)
4(145 190 191 146)
4(181 182 191 190)
4(138 147 192 183)
4(146 191 192 147)
4(182 183 192 191)
4(139 148 193 184)
4(147 192 193 148)
4(183 184 193 192)
4(140 149 194 185)
4(148 193 194 149)
4(184 185 194 193)
4(141 150 195 186)
4(149 194 195 150)
4(185 186 195 194)
4(142 151 196 187)
4(150 195 196 151)
4(186 187 196 195)
4(151 196 197 152)
4(187 188 197 196)
4(145 154 199 190)
4(153 198 199 154)
4(189 190 199 198)
4(146 155 200 191)
4(154 199 200 155)
4(190 191 200 199)
4(147 156 201 192)
4(155 200 201 156)
4(191 192 201 200)
4(148 157 202 193)
4(156 201 202 157)
4(192 193 202 201)
4(149 158 203 194)
4(157 202 203 158)
4(193 194 203 202)
4(150 159 204 195)
4(158 203 204 159)
4(194 195 204 203)
4(151 160 205 196)
4(159 204 205 160)
4(195 196 205 204)
4(160 205 206 161)
4(196 197 206 205)
4(154 163 208 199)
4(162 207 208 163)
4(198 199 208 207)
4(155 164 209 200)
4(163 208 209 164)
4(199 200 209 208)
4(156 165 210 201)
4(164 209 210 165)
4(200 201 210 209)
4(157 166 211 202)
4(165 210 211 166)
4(201 202 211 210)
4(158 167 212 203)
4(166 211 212 167)
4(202 203 212 211)
4(159 168 213 204)
4(167 212 213 168)
4(203 204 213 212)
4(160 169 214 205)
4(168 213 214 169)
4(204 205 214 213)
4(169 214 215 170)
4(205 206 215 214)
4(163 172 217 208)
4(207 208 217 216)
4(164 173 218 209)
4(208 209 218 217)
4(165 174 219 210)
4(209 210 219 218)
4(166 175 220 211)
4(210 211 220 219)
4(167 176 221 212)
4(211 212 221 220)
4(168 177 222 213)
4(212 213 222 221)
4(169 178 223 214)
4(213 214 223 222)
4(214 215 224 223)
4(181 190 235 226)
4(189 234 235 190)
4(225 226 235 234)
4(182 191 236 227)
4(190 235 236 191)
4(226 227 236 235)
4(183 192 237 228)
4(191 236 237 192)
4(227 228 237 236)
4(184 193 238 229)
4(192 237 238 193)
4(228 229 238 237)
4(185 194 239 230)
4(193 238 239 194)
4(229 230 239 238)
4(186 195 240 231)
4(194 239 240 195)
4(230 231 240 239)
4(187 196 241 232)
4(195 240 241 196)
4(231 232 241 240)
4(196 241 242 197)
4(232 233 242 241)
4(190 199 244 235)
4(198 243 244 199)
4(234 235 244 243)
4(191 200 245 236)
4(199 244 245 200)
4(235 236 245 244)
4(192 201 246 237)
4(200 245 246 201)
4(236 237 246 245)
4(193 202 247 238)
4(201 246 247 202)
4(237 238 247 246)
4(194 203 248 239)
4(202 247 248 203)
4(238 239 248 247)
4(195 204 249 240)
4(203 248 249 204)
4(239 240 249 248)
4(196 205 250 241)
4(204 249 250 205)
4(240 241 250 249)
4(205 250 251 206)
4(241 242 251 250)
4(199 208 253 244)
4(207 252 253 208)
4(243 244 253 252)
4(200 209 254 245)
4(208 253 254 209)
4(244 245 254 253)
4(201 210 255 246)
4(209 254 255 210)
4(245 246 255 254)
4(202 211 256 247)
4(210 255 256 211)
4(246 247 256 255)
4(203 212 257 248)
4(211 256 257 212)
4(247 248 257 256)
4(204 213 258 249)
4(212 257 258 213)
4(248 249 258 257)
4(205 214 259 250)
4(213 258 259 214)
4(249 250 259 258)
4(214 259 260 215)
4(250 251 260 259)
4(208 217 262 253)
4(252 253 262 261)
4(209 218 263 254)
4(253 254 263 262)
4(210 219 264 255)
4(254 255 264 263)
4(211 220 265 256)
4(255 256 265 264)
4(212 221 266 257)
4(256 257 266 265)
4(213 222 267 258)
4(257 258 267 266)
4(214 223 268 259)
4(258 259 268 267)
4(259 260 269 268)
4(226 235 280 271)
4(234 279 280 235)
4(270 271 280 279)
4(227 236 281 272)
4(235 280 281 236)
4(271 272 281 280)
4(228 237 282 273)
4(236 281 282 237)
4(272 273 282 281)
4(229 238 283 274)
4(237 282 283 238)
4(273 274 283 282)
4(230 239 284 275)
4(238 283 284 239)
4(274 275 284 283)
4(231 240 285 276)
4(239 284 285 240)
4(275 276 285 284)
4(232 241 286 277)
4(240 285 286 241)
4(276 277 286 285)
4(241 286 287 242)
4(277 278 287 286)
4(235 244 289 280)
4(243 288 289 244)
4(279 280 289 288)
4(236 245 290 281)
4(244 289 290 245)
4(280 281 290 289)
4(237 246 291 282)
4(245 290 291 246)
4(281 282 291 290)
4(238 247 292 283)
4(246 291 292 247)
4(282 283 292 291)
4(239 248 293 284)
4(247 292 293 248)
4(283 284 293 292)
4(240 249 294 285)
4(248 293 294 249)
4(284 285 294 293)
4(241 250 295 286)
4(249 294 295 250)
4(285 286 295 294)
4(250 295 296 251)
4(286 287 296 295)
4(244 253 298 289)
4(252 297 298 253)
4(288 289 298 297)
4(245 254 299 290)
4(253 298 299 254)
4(289 290 299 298)
4(246 255 300 291)
4(254 299 300 255)
4(290 291 300 299)
4(247 256 301 292)
4(255 300 301 256)
4(291 292 301 300)
4(248 257 302 293)
4(256 301 302 257)
4(292 293 302 301)
4(249 258 303 294)
4(257 302 303 258)
4(293 294 303 302)
4(250 259 304 295)
4(258 303 304 259)
4(294 295 304 303)
4(259 304 305 260)
4(295 296 305 304)
4(253 262 307 298)
4(297 298 307 306)
4(254 263 308 299)
4(298 299 308 307)
4(255 264 309 300)
4(299 300 309 308)
4(256 265 310 301)
4(300 301 310 309)
4(257 266 311 302)
4(301 302 311 310)
4(258 267 312 303)
4(302 303 312 311)
4(259 268 313 304)
4(303 304 313 312)
4(304 305 314 313)
4(271 280 325 316)
4(279 324 325 280)
4(315 316 325 324)
4(272 281 326 317)
4(280 325 326 281)
4(316 317 326 325)
4(273 282 327 318)
4(281 326 327 282)
4(317 318 327 326)
4(274 283 328 319)
4(282 327 328 283)
4(318 319 328 327)
4(275 284 329 320)
4(283 328 329 284)
4(319 320 329 328)
4(276 285 330 321)
4(284 329 330 285)
4(320 321 330 329)
4(277 286 331 322)
4(285 330 331 286)
4(321 322 331 330)
4(286 331 332 287)
4(322 323 332 331)
4(280 289 334 325)
4(288 333 334 289)
4(324 325 334 333)
4(281 290 335 326)
4(289 334 335 290)
4(325 326 335 334)
4(282 291 336 327)
4(290 335 336 291)
4(326 327 336 335)
4(283 292 337 328)
4(291 336 337 292)
4(327 328 337 336)
4(284 293 338 329)
4(292 337 338 293)
4(328 329 338 337)
4(285 294 339 330)
4(293 338 339 294)
4(329 330 339 338)
4(286 295 340 331)
4(294 339 340 295)
4(330 331 340 339)
4(295 340 341 296)
4(331 332 341 340)
4(289 298 343 334)
4(297 342 343 298)
4(333 334 343 342)
4(290 299 344 335)
4(298 343 344 299)
4(334 335 344 343)
4(291 300 345 336)
4(299 344 345 300)
4(335 336 345 344)
4(292 301 346 337)
4(300 345 346 301)
4(336 337 346 345)
4(293 302 347 338)
4(301 346 347 302)
4(337 338 347 346)
4(294 303 348 339)
4(302 347 348 303)
4(338 339 348 347)
4(295 304 349 340)
4(303 348 349 304)
4(339 340 349 348)
4(304 349 350 305)
4(340 341 350 349)
4(298 307 352 343)
4(342 343 352 351)
4(299 308 353 344)
4(343 344 353 352)
4(300 309 354 345)
4(344 345 354 353)
4(301 310 355 346)
4(345 346 355 354)
4(302 311 356 347)
4(346 347 356 355)
4(303 312 357 348)
4(347 348 357 356)
4(304 313 358 349)
4(348 349 358 357)
4(349 350 359 358)
4(316 325 370 361)
4(324 369 370 325)
4(360 361 370 369)
4(317 326 371 362)
4(325 370 371 326)
4(361 362 371 370)
4(318 327 372 363)
4(326 371 372 327)
4(362 363 372 371)
4(319 328 373 364)
4(327 372 373 328)
4(363 364 373 372)
4(320 329 374 365)
4(328 373 374 329)
4(364 365 374 373)
4(321 330 375 366)
4(329 374 375 330)
4(365 366 375 374)
4(322 331 376 367)
4(330 375 376 331)
4(366 367 376 375)
4(331 376 377 332)
4(367 368 377 376)
4(325 334 379 370)
4(333 378 379 334)
4(369 370 379 378)
4(326 335 380 371)
4(334 379 380 335)
4(370 371 380 379)
4(327 336 381 372)
4(335 380 381 336)
4(371 372 381 380)
4(328 337 382 373)
4(336 381 382 337)
4(372 373 382 381)
4(329 338 383 374)
4(337 382 383 338)
4(373 374 383 382)
4(330 339 384 375)
4(338 383 384 339)
4(374 375 384 383)
4(331 340 385 376)
4(339 384 385 340)
4(375 376 385 384)
4(340 385 386 341)
4(376 377 386 385)
4(334 343 388 379)
4(342 387 388 343)
4(378 379 388 387)
4(335 344 389 380)
4(343 388 389 344)
4(379 380 389 388)
4(336 345 390 381)
4(344 389 390 345)
4(380 381 390 389)
4(337 346 391 382)
4(345 390 391 346)
4(381 382 391 390)
4(338 347 392 383)
4(346 391 392 347)
4(382 383 392 391)
4(339 348 393 384)
4(347 392 393 348)
4(383 384 393 392)
4(340 349 394 385)
4(348 393 394 349)
4(384 385 394 393)
4(349 394 395 350)
4(385 386 395 394)
4(343 352 397 388)
4(387 388 397 396)
4(344 353 398 389)
4(388 389 398 397)
4(345 354 399 390)
4(389 390 399 398)
4(346 355 400 391)
4(390 391 400 399)
4(347 356 401 392)
4(391 392 401 400)
4(348 357 402 393)
4(392 393 402 401)
4(349 358 403 394)
4(393 394 403 402)
4(394 395 404 403)
4(361 370 415 406)
4(369 414 415 370)
4(405 406 415 414)
4(362 371 416 407)
4(370 415 416 371)
4(406 407 416 415)
4(363 372 417 408)
4(371 416 417 372)
4(407 408 417 416)
4(364 373 418 409)
4(372 417 418 373)
4(408 409 418 417)
4(365 374 419 410)
4(373 418 419 374)
4(409 410 419 418)
4(366 375 420 411)
4(374 419 420 375)
4(410 411 420 419)
4(367 376 421 412)
4(375 420 421 376)
4(411 412 421 420)
4(376 421 422 377)
4(412 413 422 421)
4(370 379 424 415)
4(378 423 424 379)
4(414 415 424 423)
4(371 380 425 416)
4(379 424 425 380)
4(415 416 425 424)
4(372 381 426 417)
4(380 425 426 381)
4(416 417 426 425)
4(373 382 427 418)
4(381 426 427 382)
4(417 418 427 426)
4(374 383 428 419)
4(382 427 428 383)
4(418 419 428 427)
4(375 384 429 420)
4(383 428 429 384)
4(419 420 429 428)
4(376 385 430 421)
4(384 429 430 385)
4(420 421 430 429)
4(385 430 431 386)
4(421 422 431 430)
4(379 388 433 424)
4(387 432 433 388)
4(423 424 433 432)
4(380 389 434 425)
4(388 433 434 389)
4(424 425 434 433)
4(381 390 435 426)
4(389 434 435 390)
4(425 426 435 434)
4(382 391 436 427)
4(390 435 436 391)
4(426 427 436 435)
4(383 392 437 428)
4(391 436 437 392)
4(427 428 437 436)
4(384 393 438 429)
4(392 437 438 393)
4(428 429 438 437)
4(385 394 439 430)
4(393 438 439 394)
4(429 430 439 438)
4(394 439 440 395)
4(430 431 440 439)
4(388 397 442 433)
4(432 433 442 441)
4(389 398 443 434)
4(433 434 443 442)
4(390 399 444 435)
4(434 435 444 443)
4(391 400 445 436)
4(435 436 445 444)
4(392 401 446 437)
4(436 437 446 445)
4(393 402 447 438)
4(437 438 447 446)
4(394 403 448 439)
4(438 439 448 447)
4(439 440 449 448)
4(406 415 460 451)
4(414 459 460 415)
4(450 451 460 459)
4(407 416 461 452)
4(415 460 461 416)
4(451 452 461 460)
4(408 417 462 453)
4(416 461 462 417)
4(452 453 462 461)
4(409 418 463 454)
4(417 462 463 418)
4(453 454 463 462)
4(410 419 464 455)
4(418 463 464 419)
4(454 455 464 463)
4(411 420 465 456)
4(419 464 465 420)
4(455 456 465 464)
4(412 421 466 457)
4(420 465 466 421)
4(456 457 466 465)
4(421 466 467 422)
4(457 458 467 466)
4(415 424 469 460)
4(423 468 469 424)
4(459 460 469 468)
4(416 425 470 461)
4(424 469 470 425)
4(460 461 470 469)
4(417 426 471 462)
4(425 470 471 426)
4(461 462 471 470)
4(418 427 472 463)
4(426 471 472 427)
4(462 463 472 471)
4(419 428 473 464)
4(427 472 473 428)
4(463 464 473 472)
4(420 429 474 465)
4(428 473 474 429)
4(464 465 474 473)
4(421 430 475 466)
4(429 474 475 430)
4(465 466 475 474)
4(430 475 476 431)
4(466 467 476 475)
4(424 433 478 469)
4(432 477 478 433)
4(468 469 478 477)
4(425 434 479 470)
4(433 478 479 434)
4(469 470 479 478)
4(426 435 480 471)
4(434 479 480 435)
4(470 471 480 479)
4(427 436 481 472)
4(435 480 481 436)
4(471 472 481 480)
4(428 437 482 473)
4(436 481 482 437)
4(472 473 482 481)
4(429 438 483 474)
4(437 482 483 438)
4(473 474 483 482)
4(430 439 484 475)
4(438 483 484 439)
4(474 475 484 483)
4(439 484 485 440)
4(475 476 485 484)
4(433 442 487 478)
4(477 478 487 486)
4(434 443 488 479)
4(478 479 488 487)
4(435 444 489 480)
4(479 480 489 488)
4(436 445 490 481)
4(480 481 490 489)
4(437 446 491 482)
4(481 482 491 490)
4(438 447 492 483)
4(482 483 492 491)
4(439 448 493 484)
4(483 484 493 492)
4(484 485 494 493)
4(451 460 505 496)
4(459 504 505 460)
4(495 496 505 504)
4(452 461 506 497)
4(460 505 506 461)
4(496 497 506 505)
4(453 462 507 498)
4(461 506 507 462)
4(497 498 507 506)
4(454 463 508 499)
4(462 507 508 463)
4(498 499 508 507)
4(455 464 509 500)
4(463 508 509 464)
4(499 500 509 508)
4(456 465 510 501)
4(464 509 510 465)
4(500 501 510 509)
4(457 466 511 502)
4(465 510 511 466)
4(501 502 511 510)
4(466 511 512 467)
4(502 503 512 511)
4(460 469 514 505)
4(468 513 514 469)
4(504 505 514 513)
4(461 470 515 506)
4(469 514 515 470)
4(505 506 515 514)
4(462 471 516 507)
4(470 515 516 471)
4(506 507 516 515)
4(463 472 517 508)
4(471 516 517 472)
4(507 508 517 516)
4(464 473 518 509)
4(472 517 518 473)
4(508 509 518 517)
4(465 474 519 510)
4(473 518 519 474)
4(509 510 519 518)
4(466 475 520 511)
4(474 519 520 475)
4(510 511 520 519)
4(475 520 521 476)
4(511 512 521 520)
4(469 478 523 514)
4(477 522 523 478)
4(513 514 523 522)
4(470 479 524 515)
4(478 523 524 479)
4(514 515 524 523)
4(471 480 525 516)
4(479 524 525 480)
4(515 516 525 524)
4(472 481 526 517)
4(480 525 526 481)
4(516 517 526 525)
4(473 482 527 518)
4(481 526 527 482)
4(517 518 527 526)
4(474 483 528 519)
4(482 527 528 483)
4(518 519 528 527)
4(475 484 529 520)
4(483 528 529 484)
4(519 520 529 528)
4(484 529 530 485)
4(520 521 530 529)
4(478 487 532 523)
4(522 523 532 531)
4(479 488 533 524)
4(523 524 533 532)
4(480 489 534 525)
4(524 525 534 533)
4(481 490 535 526)
4(525 526 535 534)
4(482 491 536 527)
4(526 527 536 535)
4(483 492 537 528)
4(527 528 537 536)
4(484 493 538 529)
4(528 529 538 537)
4(529 530 539 538)
4(496 505 550 541)
4(504 549 550 505)
4(540 541 550 549)
4(497 506 551 542)
4(505 550 551 506)
4(541 542 551 550)
4(498 507 552 543)
4(506 551 552 507)
4(542 543 552 551)
4(499 508 553 544)
4(507 552 553 508)
4(543 544 553 552)
4(500 509 554 545)
4(508 553 554 509)
4(544 545 554 553)
4(501 510 555 546)
4(509 554 555 510)
4(545 546 555 554)
4(502 511 556 547)
4(510 555 556 511)
4(546 547 556 555)
4(511 556 557 512)
4(547 548 557 556)
4(505 514 559 550)
4(513 558 559 514)
4(549 550 559 558)
4(506 515 560 551)
4(514 559 560 515)
4(550 551 560 559)
4(507 516 561 552)
4(515 560 561 516)
4(551 552 561 560)
4(508 517 562 553)
4(516 561 562 517)
4(552 553 562 561)
4(509 518 563 554)
4(517 562 563 518)
4(553 554 563 562)
4(510 519 564 555)
4(518 563 564 519)
4(554 555 564 563)
4(511 520 565 556)
4(519 564 565 520)
4(555 556 565 564)
4(520 565 566 521)
4(556 557 566 565)
4(514 523 568 559)
4(522 567 568 523)
4(558 559 568 567)
4(515 524 569 560)
4(523 568 569 524)
4(559 560 569 568)
4(516 525 570 561)
4(524 569 570 525)
4(560 561 570 569)
4(517 526 571 562)
4(525 570 571 526)
4(561 562 571 570)
4(518 527 572 563)
4(526 571 572 527)
4(562 563 572 571)
4(519 528 573 564)
4(527 572 573 528)
4(563 564 573 572)
4(520 529 574 565)
4(528 573 574 529)
4(564 565 574 573)
4(529 574 575 530)
4(565 566 575 574)
4(523 532 577 568)
4(567 568 577 576)
4(524 533 578 569)
4(568 569 578 577)
4(525 534 579 570)
4(569 570 579 578)
4(526 535 580 571)
4(570 571 580 579)
4(527 536 581 572)
4(571 572 581 580)
4(528 537 582 573)
4(572 573 582 581)
4(529 538 583 574)
4(573 574 583 582)
4(574 575 584 583)
4(541 550 595 586)
4(549 594 595 550)
4(585 586 595 594)
4(542 551 596 587)
4(550 595 596 551)
4(586 587 596 595)
4(543 552 597 588)
4(551 596 597 552)
4(587 588 597 596)
4(544 553 598 589)
4(552 597 598 553)
4(588 589 598 597)
4(545 554 599 590)
4(553 598 599 554)
4(589 590 599 598)
4(546 555 600 591)
4(554 599 600 555)
4(590 591 600 599)
4(547 556 601 592)
4(555 600 601 556)
4(591 592 601 600)
4(556 601 602 557)
4(592 593 602 601)
4(550 559 604 595)
4(558 603 604 559)
4(594 595 604 603)
4(551 560 605 596)
4(559 604 605 560)
4(595 596 605 604)
4(552 561 606 597)
4(560 605 606 561)
4(596 597 606 605)
4(553 562 607 598)
4(561 606 607 562)
4(597 598 607 606)
4(554 563 608 599)
4(562 607 608 563)
4(598 599 608 607)
4(555 564 609 600)
4(563 608 609 564)
4(599 600 609 608)
4(556 565 610 601)
4(564 609 610 565)
4(600 601 610 609)
4(565 610 611 566)
4(601 602 611 610)
4(559 568 613 604)
4(567 612 613 568)
4(603 604 613 612)
4(560 569 614 605)
4(568 613 614 569)
4(604 605 614 613)
4(561 570 615 606)
4(569 614 615 570)
4(605 606 615 614)
4(562 571 616 607)
4(570 615 616 571)
4(606 607 616 615)
4(563 572 617 608)
4(571 616 617 572)
4(607 608 617 616)
4(564 573 618 609)
4(572 617 618 573)
4(608 609 618 617)
4(565 574 619 610)
4(573 618 619 574)
4(609 610 619 618)
4(574 619 620 575)
4(610 611 620 619)
4(568 577 622 613)
4(612 613 622 621)
4(569 578 623 614)
4(613 614 623 622)
4(570 579 624 615)
4(614 615 624 623)
4(571 580 625 616)
4(615 616 625 624)
4(572 581 626 617)
4(616 617 626 625)
4(573 582 627 618)
4(617 618 627 626)
4(574 583 628 619)
4(618 619 628 627)
4(619 620 629 628)
4(586 595 640 631)
4(594 639 640 595)
4(630 631 640 639)
4(587 596 641 632)
4(595 640 641 596)
4(631 632 641 640)
4(588 597 642 633)
4(596 641 642 597)
4(632 633 642 641)
4(589 598 643 634)
4(597 642 643 598)
4(633 634 643 642)
4(590 599 644 635)
4(598 643 644 599)
4(634 635 644 643)
4(591 600 645 636)
4(599 644 645 600)
4(635 636 645 644)
4(592 601 646 637)
4(600 645 646 601)
4(636 637 646 645)
4(601 646 647 602)
4(637 638 647 646)
4(595 604 649 640)
4(603 648 649 604)
4(639 640 649 648)
4(596 605 650 641)
4(604 649 650 605)
4(640 641 650 649)
4(597 606 651 642)
4(605 650 651 606)
4(641 642 651 650)
4(598 607 652 643)
4(606 651 652 607)
4(642 643 652 651)
4(599 608 653 644)
4(607 652 653 608)
4(643 644 653 652)
4(600 609 654 645)
4(608 653 654 609)
4(644 645 654 653)
4(601 610 655 646)
4(609 654 655 610)
4(645 646 655 654)
4(610 655 656 611)
4(646 647 656 655)
4(604 613 658 649)
4(612 657 658 613)
4(648 649 658 657)
4(605 614 659 650)
4(613 658 659 614)
4(649 650 659 658)
4(606 615 660 651)
4(614 659 660 615)
4(650 651 660 659)
4(607 616 661 652)
4(615 660 661 616)
4(651 652 661 660)
4(608 617 662 653)
4(616 661 662 617)
4(652 653 662 661)
4(609 618 663 654)
4(617 662 663 618)
4(653 654 663 662)
4(610 619 664 655)
4(618 663 664 619)
4(654 655 664 663)
4(619 664 665 620)
4(655 656 665 664)
4(613 622 667 658)
4(657 658 667 666)
4(614 623 668 659)
4(658 659 668 667)
4(615 624 669 660)
4(659 660 669 668)
4(616 625 670 661)
4(660 661 670 669)
4(617 626 671 662)
4(661 662 671 670)
4(618 627 672 663)
4(662 663 672 671)
4(619 628 673 664)
4(663 664 673 672)
4(664 665 674 673)
4(631 640 685 676)
4(639 684 685 640)
4(675 676 685 684)
4(632 641 686 677)
4(640 685 686 641)
4(676 677 686 685)
4(633 642 687 678)
4(641 686 687 642)
4(677 678 687 686)
4(634 643 688 679)
4(642 687 688 643)
4(678 679 688 687)
4(635 644 689 680)
4(643 688 689 644)
4(679 680 689 688)
4(636 645 690 681)
4(644 689 690 645)
4(680 681 690 689)
4(637 646 691 682)
4(645 690 691 646)
4(681 682 691 690)
4(646 691 692 647)
4(682 683 692 691)
4(640 649 694 685)
4(648 693 694 649)
4(684 685 694 693)
4(641 650 695 686)
4(649 694 695 650)
4(685 686 695 694)
4(642 651 696 687)
4(650 695 696 651)
4(686 687 696 695)
4(643 652 697 688)
4(651 696 697 652)
4(687 688 697 696)
4(644 653 698 689)
4(652 697 698 653)
4(688 689 698 697)
4(645 654 699 690)
4(653 698 699 654)
4(689 690 699 698)
4(646 655 700 691)
4(654 699 700 655)
4(690 691 700 699)
4(655 700 701 656)
4(691 692 701 700)
4(649 658 703 694)
4(657 702 703 658)
4(693 694 703 702)
4(650 659 704 695)
4(658 703 704 659)
4(694 695 704 703)
4(651 660 705 696)
4(659 704 705 660)
4(695 696 705 704)
4(652 661 706 697)
4(660 705 706 661)
4(696 697 706 705)
4(653 662 707 698)
4(661 706 707 662)
4(697 698 707 706)
4(654 663 708 699)
4(662 707 708 663)
4(698 699 708 707)
4(655 664 709 700)
4(663 708 709 664)
4(699 700 709 708)
4(664 709 710 665)
4(700 701 710 709)
4(658 667 712 703)
4(702 703 712 711)
4(659 668 713 704)
4(703 704 713 712)
4(660 669 714 705)
4(704 705 714 713)
4(661 670 715 706)
4(705 706 715 714)
4(662 671 716 707)
4(706 707 716 715)
4(663 672 717 708)
4(707 708 717 716)
4(664 673 718 709)
4(708 709 718 717)
4(709 710 719 718)
4(676 685 730 721)
4(684 729 730 685)
4(720 721 730 729)
4(677 686 731 722)
4(685 730 731 686)
4(721 722 731 730)
4(678 687 732 723)
4(686 731 732 687)
4(722 723 732 731)
4(679 688 733 724)
4(687 732 733 688)
4(723 724 733 732)
4(680 689 734 725)
4(688 733 734 689)
4(724 725 734 733)
4(681 690 735 726)
4(689 734 735 690)
4(725 726 735 734)
4(682 691 736 727)
4(690 735 736 691)
4(726 727 736 735)
4(691 736 737 692)
4(727 728 737 736)
4(685 694 739 730)
4(693 738 739 694)
4(729 730 739 738)
4(686 695 740 731)
4(694 739 740 695)
4(730 731 740 739)
4(687 696 741 732)
4(695 740 741 696)
4(731 732 741 740)
4(688 697 742 733)
4(696 741 742 697)
4(732 733 742 741)
4(689 698 743 734)
4(697 742 743 698)
4(733 734 743 742)
4(690 699 744 735)
4(698 743 744 699)
4(734 735 744 743)
4(691 700 745 736)
4(699 744 745 700)
4(735 736 745 744)
4(700 745 746 701)
4(736 737 746 745)
4(694 703 748 739)
4(702 747 748 703)
4(738 739 748 747)
4(695 704 749 740)
4(703 748 749 704)
4(739 740 749 748)
4(696 705 750 741)
4(704 749 750 705)
4(740 741 750 749)
4(697 706 751 742)
4(705 750 751 706)
4(741 742 751 750)
4(698 707 752 743)
4(706 751 752 707)
4(742 743 752 751)
4(699 708 753 744)
4(707 752 753 708)
4(743 744 753 752)
4(700 709 754 745)
4(708 753 754 709)
4(744 745 754 753)
4(709 754 755 710)
4(745 746 755 754)
4(703 712 757 748)
4(747 748 757 756)
4(704 713 758 749)
4(748 749 758 757)
4(705 714 759 750)
4(749 750 759 758)
4(706 715 760 751)
4(750 751 760 759)
4(707 716 761 752)
4(751 752 761 760)
4(708 717 762 753)
4(752 753 762 761)
4(709 718 763 754)
4(753 754 763 762)
4(754 755 764 763)
4(721 730 775 766)
4(729 774 775 730)
4(765 766 775 774)
4(722 731 776 767)
4(730 775 776 731)
4(766 767 776 775)
4(723 732 777 768)
4(731 776 777 732)
4(767 768 777 776)
4(724 733 778 769)
4(732 777 778 733)
4(768 769 778 777)
4(725 734 779 770)
4(733 778 779 734)
4(769 770 779 778)
4(726 735 780 771)
4(734 779 780 735)
4(770 771 780 779)
4(727 736 781 772)
4(735 780 781 736)
4(771 772 781 780)
4(736 781 782 737)
4(772 773 782 781)
4(730 739 784 775)
4(738 783 784 739)
4(774 775 784 783)
4(731 740 785 776)
4(739 784 785 740)
4(775 776 785 784)
4(732 741 786 777)
4(740 785 786 741)
4(776 777 786 785)
4(733 742 787 778)
4(741 786 787 742)
4(777 778 787 786)
4(734 743 788 779)
4(742 787 788 743)
4(778 779 788 787)
4(735 744 789 780)
4(743 788 789 744)
4(779 780 789 788)
4(736 745 790 781)
4(744 789 790 745)
4(780 781 790 789)
4(745 790 791 746)
4(781 782 791 790)
4(739 748 793 784)
4(747 792 793 748)
4(783 784 793 792)
4(740 749 794 785)
4(748 793 794 749)
4(784 785 794 793)
4(741 750 795 786)
4(749 794 795 750)
4(785 786 795 794)
4(742 751 796 787)
4(750 795 796 751)
4(786 787 796 795)
4(743 752 797 788)
4(751 796 797 752)
4(787 788 797 796)
4(744 753 798 789)
4(752 797 798 753)
4(788 789 798 797)
4(745 754 799 790)
4(753 798 799 754)
4(789 790 799 798)
4(754 799 800 755)
4(790 791 800 799)
4(748 757 802 793)
4(792 793 802 801)
4(749 758 803 794)
4(793 794 803 802)
4(750 759 804 795)
4(794 795 804 803)
4(751 760 805 796)
4(795 796 805 804)
4(752 761 806 797)
4(796 797 806 805)
4(753 762 807 798)
4(797 798 807 806)
4(754 763 808 799)
4(798 799 808 807)
4(799 800 809 808)
4(766 775 820 811)
4(774 819 820 775)
4(810 811 820 819)
4(767 776 821 812)
4(775 820 821 776)
4(811 812 821 820)
4(768 777 822 813)
4(776 821 822 777)
4(812 813 822 821)
4(769 778 823 814)
4(777 822 823 778)
4(813 814 823 822)
4(770 779 824 815)
4(778 823 824 779)
4(814 815 824 823)
4(771 780 825 816)
4(779 824 825 780)
4(815 816 825 824)
4(772 781 826 817)
4(780 825 826 781)
4(816 817 826 825)
4(781 826 827 782)
4(817 818 827 826)
4(775 784 829 820)
4(783 828 829 784)
4(819 820 829 828)
4(776 785 830 821)
4(784 829 830 785)
4(820 821 830 829)
4(777 786 831 822)
4(785 830 831 786)
4(821 822 831 830)
4(778 787 832 823)
4(786 831 832 787)
4(822 823 832 831)
4(779 788 833 824)
4(787 832 833 788)
4(823 824 833 832)
4(780 789 834 825)
4(788 833 834 789)
4(824 825 834 833)
4(781 790 835 826)
4(789 834 835 790)
4(825 826 835 834)
4(790 835 836 791)
4(826 827 836 835)
4(784 793 838 829)
4(792 837 838 793)
4(828 829 838 837)
4(785 794 839 830)
4(793 838 839 794)
4(829 830 839 838)
4(786 795 840 831)
4(794 839 840 795)
4(830 831 840 839)
4(787 796 841 832)
4(795 840 841 796)
4(831 832 841 840)
4(788 797 842 833)
4(796 841 842 797)
4(832 833 842 841)
4(789 798 843 834)
4(797 842 843 798)
4(833 834 843 842)
4(790 799 844 835)
4(798 843 844 799)
4(834 835 844 843)
4(799 844 845 800)
4(835 836 845 844)
4(793 802 847 838)
4(837 838 847 846)
4(794 803 848 839)
4(838 839 848 847)
4(795 804 849 840)
4(839 840 849 848)
4(796 805 850 841)
4(840 841 850 849)
4(797 806 851 842)
4(841 842 851 850)
4(798 807 852 843)
4(842 843 852 851)
4(799 808 853 844)
4(843 844 853 852)
4(844 845 854 853)
4(811 820 865 856)
4(819 864 865 820)
4(855 856 865 864)
4(812 821 866 857)
4(820 865 866 821)
4(856 857 866 865)
4(813 822 867 858)
4(821 866 867 822)
4(857 858 867 866)
4(814 823 868 859)
4(822 867 868 823)
4(858 859 868 867)
4(815 824 869 860)
4(823 868 869 824)
4(859 860 869 868)
4(816 825 870 861)
4(824 869 870 825)
4(860 861 870 869)
4(817 826 871 862)
4(825 870 871 826)
4(861 862 871 870)
4(826 871 872 827)
4(862 863 872 871)
4(820 829 874 865)
4(828 873 874 829)
4(864 865 874 873)
4(821 830 875 866)
4(829 874 875 830)
4(865 866 875 874)
4(822 831 876 867)
4(830 875 876 831)
4(866 867 876 875)
4(823 832 877 868)
4(831 876 877 832)
4(867 868 877 876)
4(824 833 878 869)
4(832 877 878 833)
4(868 869 878 877)
4(825 834 879 870)
4(833 878 879 834)
4(869 870 879 878)
4(826 835 880 871)
4(834 879 880 835)
4(870 871 880 879)
4(835 880 881 836)
4(871 872 881 880)
4(829 838 883 874)
4(837 882 883 838)
4(873 874 883 882)
4(830 839 884 875)
4(838 883 884 839)
4(874 875 884 883)
4(831 840 885 876)
4(839 884 885 840)
4(875 876 885 884)
4(832 841 886 877)
4(840 885 886 841)
4(876 877 886 885)
4(833 842 887 878)
4(841 886 887 842)
4(877 878 887 886)
4(834 843 888 879)
4(842 887 888 843)
4(878 879 888 887)
4(835 844 889 880)
4(843 888 889 844)
4(879 880 889 888)
4(844 889 890 845)
4(880 881 890 889)
4(838 847 892 883)
4(882 883 892 891)
4(839 848 893 884)
4(883 884 893 892)
4(840 849 894 885)
4(884 885 894 893)
4(841 850 895 886)
4(885 886 895 894)
4(842 851 896 887)
4(886 887 896 895)
4(843 852 897 888)
4(887 888 897 896)
4(844 853 898 889)
4(888 889 898 897)
4(889 890 899 898)
4(856 865 910 901)
4(864 909 910 865)
4(857 866 911 902)
4(865 910 911 866)
4(858 867 912 903)
4(866 911 912 867)
4(859 868 913 904)
4(867 912 913 868)
4(860 869 914 905)
4(868 913 914 869)
4(861 870 915 906)
4(869 914 915 870)
4(862 871 916 907)
4(870 915 916 871)
4(871 916 917 872)
4(865 874 919 910)
4(873 918 919 874)
4(866 875 920 911)
4(874 919 920 875)
4(867 876 921 912)
4(875 920 921 876)
4(868 877 922 913)
4(876 921 922 877)
4(869 878 923 914)
4(877 922 923 878)
4(870 879 924 915)
4(878 923 924 879)
4(871 880 925 916)
4(879 924 925 880)
4(880 925 926 881)
4(874 883 928 919)
4(882 927 928 883)
4(875 884 929 920)
4(883 928 929 884)
4(876 885 930 921)
4(884 929 930 885)
4(877 886 931 922)
4(885 930 931 886)
4(878 887 932 923)
4(886 931 932 887)
4(879 888 933 924)
4(887 932 933 888)
4(880 889 934 925)
4(888 933 934 889)
4(889 934 935 890)
4(883 892 937 928)
4(884 893 938 929)
4(885 894 939 930)
4(886 895 940 931)
4(887 896 941 932)
4(888 897 942 933)
4(889 898 943 934)
4(0 45 54 9)
4(9 54 63 18)
4(18 63 72 27)
4(27 72 81 36)
4(45 90 99 54)
4(54 99 108 63)
4(63 108 117 72)
4(72 117 126 81)
4(90 135 144 99)
4(99 144 153 108)
4(108 153 162 117)
4(117 162 171 126)
4(135 180 189 144)
4(144 189 198 153)
4(153 198 207 162)
4(162 207 216 171)
4(180 225 234 189)
4(189 234 243 198)
4(198 243 252 207)
4(207 252 261 216)
4(225 270 279 234)
4(234 279 288 243)
4(243 288 297 252)
4(252 297 306 261)
4(270 315 324 279)
4(279 324 333 288)
4(288 333 342 297)
4(297 342 351 306)
4(315 360 369 324)
4(324 369 378 333)
4(333 378 387 342)
4(342 387 396 351)
4(360 405 414 369)
4(369 414 423 378)
4(378 423 432 387)
4(387 432 441 396)
4(405 450 459 414)
4(414 459 468 423)
4(423 468 477 432)
4(432 477 486 441)
4(450 495 504 459)
4(459 504 513 468)
4(468 513 522 477)
4(477 522 531 486)
4(495 540 549 504)
4(504 549 558 513)
4(513 558 567 522)
4(522 567 576 531)
4(540 585 594 549)
4(549 594 603 558)
4(558 603 612 567)
4(567 612 621 576)
4(585 630 639 594)
4(594 639 648 603)
4(603 648 657 612)
4(612 657 666 621)
4(630 675 684 639)
4(639 684 693 648)
4(648 693 702 657)
4(657 702 711 666)
4(675 720 729 684)
4(684 729 738 693)
4(693 738 747 702)
4(702 747 756 711)
4(720 765 774 729)
4(729 774 783 738)
4(738 783 792 747)
4(747 792 801 756)
4(765 810 819 774)
4(774 819 828 783)
4(783 828 837 792)
4(792 837 846 801)
4(810 855 864 819)
4(819 864 873 828)
4(828 873 882 837)
4(837 882 891 846)
4(855 900 909 864)
4(864 909 918 873)
4(873 918 927 882)
4(882 927 936 891)
4(8 17 62 53)
4(17 26 71 62)
4(26 35 80 71)
4(35 44 89 80)
4(53 62 107 98)
4(62 71 116 107)
4(71 80 125 116)
4(80 89 134 125)
4(98 107 152 143)
4(107 116 161 152)
4(116 125 170 161)
4(125 134 179 170)
4(143 152 197 188)
4(152 161 206 197)
4(161 170 215 206)
4(170 179 224 215)
4(188 197 242 233)
4(197 206 251 242)
4(206 215 260 251)
4(215 224 269 260)
4(233 242 287 278)
4(242 251 296 287)
4(251 260 305 296)
4(260 269 314 305)
4(278 287 332 323)
4(287 296 341 332)
4(296 305 350 341)
4(305 314 359 350)
4(323 332 377 368)
4(332 341 386 377)
4(341 350 395 386)
4(350 359 404 395)
4(368 377 422 413)
4(377 386 431 422)
4(386 395 440 431)
4(395 404 449 440)
4(413 422 467 458)
4(422 431 476 467)
4(431 440 485 476)
4(440 449 494 485)
4(458 467 512 503)
4(467 476 521 512)
4(476 485 530 521)
4(485 494 539 530)
4(503 512 557 548)
4(512 521 566 557)
4(521 530 575 566)
4(530 539 584 575)
4(548 557 602 593)
4(557 566 611 602)
4(566 575 620 611)
4(575 584 629 620)
4(593 602 647 638)
4(602 611 656 647)
4(611 620 665 656)
4(620 629 674 665)
4(638 647 692 683)
4(647 656 701 692)
4(656 665 710 701)
4(665 674 719 710)
4(683 692 737 728)
4(692 701 746 737)
4(701 710 755 746)
4(710 719 764 755)
4(728 737 782 773)
4(737 746 791 782)
4(746 755 800 791)
4(755 764 809 800)
4(773 782 827 818)
4(782 791 836 827)
4(791 800 845 836)
4(800 809 854 845)
4(818 827 872 863)
4(827 836 881 872)
4(836 845 890 881)
4(845 854 899 890)
4(863 872 917 908)
4(872 881 926 917)
4(881 890 935 926)
4(890 899 944 935)
4(0 1 46 45)
4(45 46 91 90)
4(90 91 136 135)
4(135 136 181 180)
4(180 181 226 225)
4(225 226 271 270)
4(270 271 316 315)
4(315 316 361 360)
4(360 361 406 405)
4(405 406 451 450)
4(450 451 496 495)
4(495 496 541 540)
4(540 541 586 585)
4(585 586 631 630)
4(630 631 676 675)
4(675 676 721 720)
4(720 721 766 765)
4(765 766 811 810)
4(810 811 856 855)
4(855 856 901 900)
4(1 2 47 46)
4(46 47 92 91)
4(91 92 137 136)
4(136 137 182 181)
4(181 182 227 226)
4(226 227 272 271)
4(271 272 317 316)
4(316 317 362 361)
4(361 362 407 406)
4(406 407 452 451)
4(451 452 497 496)
4(496 497 542 541)
4(541 542 587 586)
4(586 587 632 631)
4(631 632 677 676)
4(676 677 722 721)
4(721 722 767 766)
4(766 767 812 811)
4(811 812 857 856)
4(856 857 902 901)
4(2 3 48 47)
4(47 48 93 92)
4(92 93 138 137)
4(137 138 183 182)
4(182 183 228 227)
4(227 228 273 272)
4(272 273 318 317)
4(317 318 363 362)
4(362 363 408 407)
4(407 408 453 452)
4(452 453 498 497)
4(497 498 543 542)
4(542 543 588 587)
4(587 588 633 632)
4(632 633 678 677)
4(677 678 723 722)
4(722 723 768 767)
4(767 768 813 812)
4(812 813 858 857)
4(857 858 903 902)
4(3 4 49 48)
4(48 49 94 93)
4(93 94 139 138)
4(138 139 184 183)
4(183 184 229 228)
4(228 229 274 273)
4(273 274 319 318)
4(318 319 364 363)
4(363 364 409 408)
4(408 409 454 453)
4(453 454 499 498)
4(498 499 544 543)
4(543 544 589 588)
4(588 589 634 633)
4(633 634 679 678)
4(678 679 724 723)
4(723 724 769 768)
4(768 769 814 813)
4(813 814 859 858)
4(858 859 904 903)
4(4 5 50 49)
4(49 50 95 94)
4(94 95 140 139)
4(139 140 185 184)
4(184 185 230 229)
4(229 230 275 274)
4(274 275 320 319)
4(319 320 365 364)
4(364 365 410 409)
4(409 410 455 454)
4(454 455 500 499)
4(499 500 545 544)
4(544 545 590 589)
4(589 590 635 634)
4(634 635 680 679)
4(679 680 725 724)
4(724 725 770 769)
4(769 770 815 814)
4(814 815 860 859)
4(859 860 905 904)
4(5 6 51 50)
4(50 51 96 95)
4(95 96 141 140)
4(140 141 186 185)
4(185 186 231 230)
4(230 231 276 275)
4(275 276 321 320)
4(320 321 366 365)
4(365 366 411 410)
4(410 411 456 455)
4(455 456 501 500)
4(500 501 546 545)
4(545 546 591 590)
4(590 591 636 635)
4(635 636 681 680)
4(680 681 726 725)
4(725 726 771 770)
4(770 771 816 815)
4(815 816 861 860)
4(860 861 906 905)
4(6 7 52 51)
4(51 52 97 96)
4(96 97 142 141)
4(141 142 187 186)
4(186 187 232 231)
4(231 232 277 276)
4(276 277 322 321)
4(321 322 367 366)
4(366 367 412 411)
4(411 412 457 456)
4(456 457 502 501)
4(501 502 547 546)
4(546 547 592 591)
4(591 592 637 636)
4(636 637 682 681)
4(681 682 727 726)
4(726 727 772 771)
4(771 772 817 816)
4(816 817 862 861)
4(861 862 907 906)
4(7 8 53 52)
4(52 53 98 97)
4(97 98 143 142)
4(142 143 188 187)
4(187 188 233 232)
4(232 233 278 277)
4(277 278 323 322)
4(322 323 368 367)
4(367 368 413 412)
4(412 413 458 457)
4(457 458 503 502)
4(502 503 548 547)
4(547 548 593 592)
4(592 593 638 637)
4(637 638 683 682)
4(682 683 728 727)
4(727 728 773 772)
4(772 773 818 817)
4(817 818 863 862)
4(862 863 908 907)
4(36 81 82 37)
4(81 126 127 82)
4(126 171 172 127)
4(171 216 217 172)
4(216 261 262 217)
4(261 306 307 262)
4(306 351 352 307)
4(351 396 397 352)
4(396 441 442 397)
4(441 486 487 442)
4(486 531 532 487)
4(531 576 577 532)
4(576 621 622 577)
4(621 666 667 622)
4(666 711 712 667)
4(711 756 757 712)
4(756 801 802 757)
4(801 846 847 802)
4(846 891 892 847)
4(891 936 937 892)
4(37 82 83 38)
4(82 127 128 83)
4(127 172 173 128)
4(172 217 218 173)
4(217 262 263 218)
4(262 307 308 263)
4(307 352 353 308)
4(352 397 398 353)
4(397 442 443 398)
4(442 487 488 443)
4(487 532 533 488)
4(532 577 578 533)
4(577 622 623 578)
4(622 667 668 623)
4(667 712 713 668)
4(712 757 758 713)
4(757 802 803 758)
4(802 847 848 803)
4(847 892 893 848)
4(892 937 938 893)
4(38 83 84 39)
4(83 128 129 84)
4(128 173 174 129)
4(173 218 219 174)
4(218 263 264 219)
4(263 308 309 264)
4(308 353 354 309)
4(353 398 399 354)
4(398 443 444 399)
4(443 488 489 444)
4(488 533 534 489)
4(533 578 579 534)
4(578 623 624 579)
4(623 668 669 624)
4(668 713 714 669)
4(713 758 759 714)
4(758 803 804 759)
4(803 848 849 804)
4(848 893 894 849)
4(893 938 939 894)
4(39 84 85 40)
4(84 129 130 85)
4(129 174 175 130)
4(174 219 220 175)
4(219 264 265 220)
4(264 309 310 265)
4(309 354 355 310)
4(354 399 400 355)
4(399 444 445 400)
4(444 489 490 445)
4(489 534 535 490)
4(534 579 580 535)
4(579 624 625 580)
4(624 669 670 625)
4(669 714 715 670)
4(714 759 760 715)
4(759 804 805 760)
4(804 849 850 805)
4(849 894 895 850)
4(894 939 940 895)
4(40 85 86 41)
4(85 130 131 86)
4(130 175 176 131)
4(175 220 221 176)
4(220 265 266 221)
4(265 310 311 266)
4(310 355 356 311)
4(355 400 401 356)
4(400 445 446 401)
4(445 490 491 446)
4(490 535 536 491)
4(535 580 581 536)
4(580 625 626 581)
4(625 670 671 626)
4(670 715 716 671)
4(715 760 761 716)
4(760 805 806 761)
4(805 850 851 806)
4(850 895 896 851)
4(895 940 941 896)
4(41 86 87 42)
4(86 131 132 87)
4(131 176 177 132)
4(176 221 222 177)
4(221 266 267 222)
4(266 311 312 267)
4(311 356 357 312)
4(356 401 402 357)
4(401 446 447 402)
4(446 491 492 447)
4(491 536 537 492)
4(536 581 582 537)
4(581 626 627 582)
4(626 671 672 627)
4(671 716 717 672)
4(716 761 762 717)
4(761 806 807 762)
4(806 851 852 807)
4(851 896 897 852)
4(896 941 942 897)
4(42 87 88 43)
4(87 132 133 88)
4(132 177 178 133)
4(177 222 223 178)
4(222 267 268 223)
4(267 312 313 268)
4(312 357 358 313)
4(357 402 403 358)
4(402 447 448 403)
4(447 492 493 448)
4(492 537 538 493)
4(537 582 583 538)
4(582 627 628 583)
4(627 672 673 628)
4(672 717 718 673)
4(717 762 763 718)
4(762 807 808 763)
4(807 852 853 808)
4(852 897 898 853)
4(897 942 943 898)
4(43 88 89 44)
4(88 133 134 89)
4(133 178 179 134)
4(178 223 224 179)
4(223 268 269 224)
4(268 313 314 269)
4(313 358 359 314)
4(358 403 404 359)
4(403 448 449 404)
4(448 493 494 449)
4(493 538 539 494)
4(538 583 584 539)
4(583 628 629 584)
4(628 673 674 629)
4(673 718 719 674)
4(718 763 764 719)
4(763 808 809 764)
4(808 853 854 809)
4(853 898 899 854)
4(898 943 944 899)
4(0 9 10 1)
4(9 18 19 10)
4(18 27 28 19)
4(27 36 37 28)
4(1 10 11 2)
4(10 19 20 11)
4(19 28 29 20)
4(28 37 38 29)
4(2 11 12 3)
4(11 20 21 12)
4(20 29 30 21)
4(29 38 39 30)
4(3 12 13 4)
4(12 21 22 13)
4(21 30 31 22)
4(30 39 40 31)
4(4 13 14 5)
4(13 22 23 14)
4(22 31 32 23)
4(31 40 41 32)
4(5 14 15 6)
4(14 23 24 15)
4(23 32 33 24)
4(32 41 42 33)
4(6 15 16 7)
4(15 24 25 16)
4(24 33 34 25)
4(33 42 43 34)
4(7 16 17 8)
4(16 25 26 17)
4(25 34 35 26)
4(34 43 44 35)
4(900 901 910 909)
4(909 910 919 918)
4(918 919 928 927)
4(927 928 937 936)
4(901 902 911 910)
4(910 911 920 919)
4(919 920 929 928)
4(928 929 938 937)
4(902 903 912 911)
4(911 912 921 920)
4(920 921 930 929)
4(929 930 939 938)
4(903 904 913 912)
4(912 913 922 921)
4(921 922 931 930)
4(930 931 940 939)
4(904 905 914 913)
4(913 914 923 922)
4(922 923 932 931)
4(931 932 941 940)
4(905 906 915 914)
4(914 915 924 923)
4(923 924 933 932)
4(932 933 942 941)
4(906 907 916 915)
4(915 916 925 924)
4(924 925 934 933)
4(933 934 943 942)
4(907 908 917 916)
4(916 917 926 925)
4(925 926 935 934)
4(934 935 944 943)
)


// ************************************************************************* //
